1.220437488000000000e+09
1.220437672000000000e+09
1.220437792000000000e+09
1.220437912000000000e+09
1.220438032000000000e+09
1.220438152000000000e+09
1.220438272000000000e+09
1.220438392000000000e+09
1.220438512000000000e+09
1.220438632000000000e+09
1.220438752000000000e+09
1.220438872000000000e+09
1.220438992000000000e+09
1.220439112000000000e+09
1.220439232000000000e+09
1.220439352000000000e+09
1.220439472000000000e+09
1.220439592000000000e+09
1.220439712000000000e+09
1.220439832000000000e+09
1.220439952000000000e+09
1.220440072000000000e+09
1.220440192000000000e+09
1.220440312000000000e+09
1.220440432000000000e+09
1.220440552000000000e+09
1.220440672000000000e+09
1.220440792000000000e+09
1.220440912000000000e+09
1.220441032000000000e+09
1.220441152000000000e+09
1.220441272000000000e+09
1.220441392000000000e+09
1.220441512000000000e+09
1.220441632000000000e+09
1.220441752000000000e+09
1.220441872000000000e+09
1.220441992000000000e+09
1.220442112000000000e+09
1.220442232000000000e+09
1.220442352000000000e+09
1.220442472000000000e+09
1.220442592000000000e+09
1.220442712000000000e+09
1.220442832000000000e+09
1.220442952000000000e+09
1.220443072000000000e+09
1.220443192000000000e+09
1.220443312000000000e+09
1.220443432000000000e+09
1.220443552000000000e+09
1.220443672000000000e+09
1.220443792000000000e+09
1.220443912000000000e+09
1.220444032000000000e+09
1.220444152000000000e+09
1.220444272000000000e+09
1.220444392000000000e+09
1.220444512000000000e+09
1.220444632000000000e+09
1.220444752000000000e+09
1.220444872000000000e+09
1.220445048000000000e+09
1.220445168000000000e+09
1.220445288000000000e+09
1.220445408000000000e+09
1.220445528000000000e+09
1.220445648000000000e+09
1.220445768000000000e+09
1.220445888000000000e+09
1.220446008000000000e+09
1.220446128000000000e+09
1.220446248000000000e+09
1.220446368000000000e+09
1.220446488000000000e+09
1.220446608000000000e+09
1.220446728000000000e+09
1.220446848000000000e+09
1.220446968000000000e+09
1.220447088000000000e+09
1.220447208000000000e+09
1.220447328000000000e+09
1.220447448000000000e+09
1.220447568000000000e+09
1.220447688000000000e+09
1.220447808000000000e+09
1.220447928000000000e+09
1.220448048000000000e+09
1.220448168000000000e+09
1.220448288000000000e+09
1.220448408000000000e+09
1.220448528000000000e+09
1.220448648000000000e+09
1.220448768000000000e+09
1.220448888000000000e+09
1.220449008000000000e+09
1.220449128000000000e+09
1.220449248000000000e+09
1.220449368000000000e+09
1.220449488000000000e+09
1.220449608000000000e+09
1.220449728000000000e+09
1.220449848000000000e+09
1.220449968000000000e+09
1.220450088000000000e+09
1.220450208000000000e+09
1.220450328000000000e+09
1.220450448000000000e+09
1.220450568000000000e+09
1.220450688000000000e+09
1.220450808000000000e+09
1.220450928000000000e+09
1.220451048000000000e+09
1.220451168000000000e+09
1.220451288000000000e+09
1.220451408000000000e+09
1.220451528000000000e+09
1.220451648000000000e+09
1.220451768000000000e+09
1.220451888000000000e+09
1.220452008000000000e+09
1.220452128000000000e+09
1.220452248000000000e+09
1.220452432000000000e+09
1.220452552000000000e+09
1.220452672000000000e+09
1.220452792000000000e+09
1.220452912000000000e+09
1.220453032000000000e+09
1.220453152000000000e+09
1.220453272000000000e+09
1.220453392000000000e+09
1.220453512000000000e+09
1.220453632000000000e+09
1.220453752000000000e+09
1.220453872000000000e+09
1.220453992000000000e+09
1.220454112000000000e+09
1.220454232000000000e+09
1.220454352000000000e+09
1.220454472000000000e+09
1.220454592000000000e+09
1.220454712000000000e+09
1.220454832000000000e+09
1.220454952000000000e+09
1.220455072000000000e+09
1.220455192000000000e+09
1.220455312000000000e+09
1.220455432000000000e+09
1.220455552000000000e+09
1.220455672000000000e+09
1.220455792000000000e+09
1.220455912000000000e+09
1.220456032000000000e+09
1.220456152000000000e+09
1.220456272000000000e+09
1.220456392000000000e+09
1.220456512000000000e+09
1.220456632000000000e+09
1.220456752000000000e+09
1.220456872000000000e+09
1.220456992000000000e+09
1.220457112000000000e+09
1.220457232000000000e+09
1.220457352000000000e+09
1.220457472000000000e+09
1.220457592000000000e+09
1.220457712000000000e+09
1.220457832000000000e+09
1.220457952000000000e+09
1.220458072000000000e+09
1.220458192000000000e+09
1.220458312000000000e+09
1.220458432000000000e+09
1.220458552000000000e+09
1.220458672000000000e+09
1.220458792000000000e+09
1.220458912000000000e+09
1.220459032000000000e+09
1.220459152000000000e+09
1.220459272000000000e+09
1.220459392000000000e+09
1.220459512000000000e+09
1.220459632000000000e+09
1.220459808000000000e+09
1.220459928000000000e+09
1.220460048000000000e+09
1.220460168000000000e+09
1.220460288000000000e+09
1.220460408000000000e+09
1.220460528000000000e+09
1.220460648000000000e+09
1.220460768000000000e+09
1.220460888000000000e+09
1.220461008000000000e+09
1.220461128000000000e+09
1.220461248000000000e+09
1.220461368000000000e+09
1.220461488000000000e+09
1.220461608000000000e+09
1.220461728000000000e+09
1.220461848000000000e+09
1.220461968000000000e+09
1.220462088000000000e+09
1.220462208000000000e+09
1.220462328000000000e+09
1.220462448000000000e+09
1.220462568000000000e+09
1.220462688000000000e+09
1.220462808000000000e+09
1.220462928000000000e+09
1.220463048000000000e+09
1.220463168000000000e+09
1.220463288000000000e+09
1.220463408000000000e+09
1.220463528000000000e+09
1.220463648000000000e+09
1.220463768000000000e+09
1.220463888000000000e+09
1.220464008000000000e+09
1.220464128000000000e+09
1.220464248000000000e+09
1.220464368000000000e+09
1.220464488000000000e+09
1.220464608000000000e+09
1.220464728000000000e+09
1.220464848000000000e+09
1.220464968000000000e+09
1.220465088000000000e+09
1.220465208000000000e+09
1.220465328000000000e+09
1.220465448000000000e+09
1.220465568000000000e+09
1.220465688000000000e+09
1.220465808000000000e+09
1.220465928000000000e+09
1.220466048000000000e+09
1.220466168000000000e+09
1.220466288000000000e+09
1.220466408000000000e+09
1.220466528000000000e+09
1.220466648000000000e+09
1.220466768000000000e+09
1.220466888000000000e+09
1.220467008000000000e+09
1.220467192000000000e+09
1.220467312000000000e+09
1.220467432000000000e+09
1.220467552000000000e+09
1.220467672000000000e+09
1.220467792000000000e+09
1.220467912000000000e+09
1.220468032000000000e+09
1.220468152000000000e+09
1.220468272000000000e+09
1.220468392000000000e+09
1.220468512000000000e+09
1.220468632000000000e+09
1.220468752000000000e+09
1.220468872000000000e+09
1.220468992000000000e+09
1.220469112000000000e+09
1.220469232000000000e+09
1.220469352000000000e+09
1.220469472000000000e+09
1.220469592000000000e+09
1.220469712000000000e+09
1.220469832000000000e+09
1.220469952000000000e+09
1.220470072000000000e+09
1.220470192000000000e+09
1.220470312000000000e+09
1.220470432000000000e+09
1.220470552000000000e+09
1.220470672000000000e+09
1.220470792000000000e+09
1.220470912000000000e+09
1.220471032000000000e+09
1.220471152000000000e+09
1.220471272000000000e+09
1.220471392000000000e+09
1.220471512000000000e+09
1.220471632000000000e+09
1.220471752000000000e+09
1.220471872000000000e+09
1.220471992000000000e+09
1.220472112000000000e+09
1.220472232000000000e+09
1.220472352000000000e+09
1.220472472000000000e+09
1.220472592000000000e+09
1.220472712000000000e+09
1.220472832000000000e+09
1.220472952000000000e+09
1.220473072000000000e+09
1.220473192000000000e+09
1.220473312000000000e+09
1.220473432000000000e+09
1.220473552000000000e+09
1.220473672000000000e+09
1.220473792000000000e+09
1.220473912000000000e+09
1.220474032000000000e+09
1.220474152000000000e+09
1.220474272000000000e+09
1.220474392000000000e+09
1.220474568000000000e+09
1.220474688000000000e+09
1.220474808000000000e+09
1.220474928000000000e+09
1.220475048000000000e+09
1.220475168000000000e+09
1.220475288000000000e+09
1.220475408000000000e+09
1.220475528000000000e+09
1.220475648000000000e+09
1.220475768000000000e+09
1.220475888000000000e+09
1.220476008000000000e+09
1.220476128000000000e+09
1.220476248000000000e+09
1.220476368000000000e+09
1.220476488000000000e+09
1.220476608000000000e+09
1.220476728000000000e+09
1.220476848000000000e+09
1.220476968000000000e+09
1.220477088000000000e+09
1.220477208000000000e+09
1.220477328000000000e+09
1.220477448000000000e+09
1.220477568000000000e+09
1.220477688000000000e+09
1.220477808000000000e+09
1.220477928000000000e+09
1.220478048000000000e+09
1.220478168000000000e+09
1.220478288000000000e+09
1.220478408000000000e+09
1.220478528000000000e+09
1.220478648000000000e+09
1.220478768000000000e+09
1.220478888000000000e+09
1.220479008000000000e+09
1.220479128000000000e+09
1.220479248000000000e+09
1.220479368000000000e+09
1.220479488000000000e+09
1.220479608000000000e+09
1.220479728000000000e+09
1.220479848000000000e+09
1.220479968000000000e+09
1.220480088000000000e+09
1.220480208000000000e+09
1.220480328000000000e+09
1.220480448000000000e+09
1.220480568000000000e+09
1.220480688000000000e+09
1.220480808000000000e+09
1.220480928000000000e+09
1.220481048000000000e+09
1.220481168000000000e+09
1.220481288000000000e+09
1.220481408000000000e+09
1.220481528000000000e+09
1.220481648000000000e+09
1.220481768000000000e+09
1.220481952000000000e+09
1.220482072000000000e+09
1.220482192000000000e+09
1.220482312000000000e+09
1.220482432000000000e+09
1.220484040000000000e+09
1.220484112000000000e+09
1.220484232000000000e+09
1.220484352000000000e+09
1.220484472000000000e+09
1.220484592000000000e+09
1.220484712000000000e+09
1.220484832000000000e+09
1.220484952000000000e+09
1.220485072000000000e+09
1.220485192000000000e+09
1.220485312000000000e+09
1.220485432000000000e+09
1.220485552000000000e+09
1.220485672000000000e+09
1.220485792000000000e+09
1.220485912000000000e+09
1.220486032000000000e+09
1.220486152000000000e+09
1.220486272000000000e+09
1.220486392000000000e+09
1.220486512000000000e+09
1.220486632000000000e+09
1.220486752000000000e+09
1.220486872000000000e+09
1.220486992000000000e+09
1.220487112000000000e+09
1.220487232000000000e+09
1.220487352000000000e+09
1.220487472000000000e+09
1.220487592000000000e+09
1.220487712000000000e+09
1.220487832000000000e+09
1.220487952000000000e+09
1.220488072000000000e+09
1.220488192000000000e+09
1.220488312000000000e+09
1.220488432000000000e+09
1.220488552000000000e+09
1.220488672000000000e+09
1.220488792000000000e+09
1.220488912000000000e+09
1.220489032000000000e+09
1.220489152000000000e+09
1.220489328000000000e+09
1.220489448000000000e+09
1.220489568000000000e+09
1.220489688000000000e+09
1.220489808000000000e+09
1.220489928000000000e+09
1.220490048000000000e+09
1.220490168000000000e+09
1.220490288000000000e+09
1.220490408000000000e+09
1.220490528000000000e+09
1.220490648000000000e+09
1.220490768000000000e+09
1.220490888000000000e+09
1.220491008000000000e+09
1.220491128000000000e+09
1.220491248000000000e+09
1.220491368000000000e+09
1.220491488000000000e+09
1.220491608000000000e+09
1.220491728000000000e+09
1.220491848000000000e+09
1.220491968000000000e+09
1.220492088000000000e+09
1.220492208000000000e+09
1.220492328000000000e+09
1.220492448000000000e+09
1.220492568000000000e+09
1.220492688000000000e+09
1.220492808000000000e+09
1.220492928000000000e+09
1.220493048000000000e+09
1.220493168000000000e+09
1.220493288000000000e+09
1.220493408000000000e+09
1.220493528000000000e+09
1.220493648000000000e+09
1.220493768000000000e+09
1.220493888000000000e+09
1.220494008000000000e+09
1.220494128000000000e+09
1.220494248000000000e+09
1.220494368000000000e+09
1.220494488000000000e+09
1.220494608000000000e+09
1.220494728000000000e+09
1.220494848000000000e+09
1.220494968000000000e+09
1.220495088000000000e+09
1.220495208000000000e+09
1.220495328000000000e+09
1.220495448000000000e+09
1.220495568000000000e+09
1.220495688000000000e+09
1.220495808000000000e+09
1.220495928000000000e+09
1.220496048000000000e+09
1.220496168000000000e+09
1.220496288000000000e+09
1.220496408000000000e+09
1.220496528000000000e+09
1.220496712000000000e+09
1.220496832000000000e+09
1.220496952000000000e+09
1.220497072000000000e+09
1.220497192000000000e+09
1.220497312000000000e+09
1.220497432000000000e+09
1.220497552000000000e+09
1.220497672000000000e+09
1.220497792000000000e+09
1.220497912000000000e+09
1.220498032000000000e+09
1.220498152000000000e+09
1.220498272000000000e+09
1.220498392000000000e+09
1.220498512000000000e+09
1.220498632000000000e+09
1.220498752000000000e+09
1.220498872000000000e+09
1.220498992000000000e+09
1.220499112000000000e+09
1.220499232000000000e+09
1.220499352000000000e+09
1.220499472000000000e+09
1.220499592000000000e+09
1.220499712000000000e+09
1.220499832000000000e+09
1.220499952000000000e+09
1.220500072000000000e+09
1.220500192000000000e+09
1.220500312000000000e+09
1.220500432000000000e+09
1.220500552000000000e+09
1.220500672000000000e+09
1.220500792000000000e+09
1.220500912000000000e+09
1.220501032000000000e+09
1.220501152000000000e+09
1.220501272000000000e+09
1.220501392000000000e+09
1.220501512000000000e+09
1.220501632000000000e+09
1.220501752000000000e+09
1.220501872000000000e+09
1.220501992000000000e+09
1.220502112000000000e+09
1.220502232000000000e+09
1.220502352000000000e+09
1.220502472000000000e+09
1.220502592000000000e+09
1.220502712000000000e+09
1.220502832000000000e+09
1.220502952000000000e+09
1.220503072000000000e+09
1.220503192000000000e+09
1.220503312000000000e+09
1.220503432000000000e+09
1.220503552000000000e+09
1.220503672000000000e+09
1.220503792000000000e+09
1.220503912000000000e+09
1.220504088000000000e+09
1.220504208000000000e+09
1.220504328000000000e+09
1.220504448000000000e+09
1.220504568000000000e+09
1.220504688000000000e+09
1.220504808000000000e+09
1.220504928000000000e+09
1.220505048000000000e+09
1.220505168000000000e+09
1.220505288000000000e+09
1.220505408000000000e+09
1.220505528000000000e+09
1.220505648000000000e+09
1.220505768000000000e+09
1.220505888000000000e+09
1.220506008000000000e+09
1.220506128000000000e+09
1.220506248000000000e+09
1.220506368000000000e+09
1.220506488000000000e+09
1.220506608000000000e+09
1.220506728000000000e+09
1.220506848000000000e+09
1.220506968000000000e+09
1.220507088000000000e+09
1.220507208000000000e+09
1.220507328000000000e+09
1.220507448000000000e+09
1.220507568000000000e+09
1.220507688000000000e+09
1.220507808000000000e+09
1.220507928000000000e+09
1.220508048000000000e+09
1.220508168000000000e+09
1.220508288000000000e+09
1.220508408000000000e+09
1.220508528000000000e+09
1.220508648000000000e+09
1.220508768000000000e+09
1.220508888000000000e+09
1.220509008000000000e+09
1.220509128000000000e+09
1.220509248000000000e+09
1.220509368000000000e+09
1.220509488000000000e+09
1.220509608000000000e+09
1.220509728000000000e+09
1.220509848000000000e+09
1.220509968000000000e+09
1.220510088000000000e+09
1.220510208000000000e+09
1.220510328000000000e+09
1.220510448000000000e+09
1.220510568000000000e+09
1.220510688000000000e+09
1.220510808000000000e+09
1.220510928000000000e+09
1.220511048000000000e+09
1.220511168000000000e+09
1.220511288000000000e+09
1.220511472000000000e+09
1.220511592000000000e+09
1.220511712000000000e+09
1.220511832000000000e+09
1.220511952000000000e+09
1.220512072000000000e+09
1.220512192000000000e+09
1.220512312000000000e+09
1.220512432000000000e+09
1.220512552000000000e+09
1.220512672000000000e+09
1.220512792000000000e+09
1.220512912000000000e+09
1.220513032000000000e+09
1.220513152000000000e+09
1.220513272000000000e+09
1.220513392000000000e+09
1.220513512000000000e+09
1.220513632000000000e+09
1.220513752000000000e+09
1.220513872000000000e+09
1.220513992000000000e+09
1.220514112000000000e+09
1.220514232000000000e+09
1.220514352000000000e+09
1.220514472000000000e+09
1.220514592000000000e+09
1.220514712000000000e+09
1.220514832000000000e+09
1.220514952000000000e+09
1.220515072000000000e+09
1.220515192000000000e+09
1.220515312000000000e+09
1.220515432000000000e+09
1.220515552000000000e+09
1.220515672000000000e+09
1.220515792000000000e+09
1.220515912000000000e+09
1.220516032000000000e+09
1.220516152000000000e+09
1.220516272000000000e+09
1.220516392000000000e+09
1.220516512000000000e+09
1.220516632000000000e+09
1.220516752000000000e+09
1.220516872000000000e+09
1.220516992000000000e+09
1.220517112000000000e+09
1.220517232000000000e+09
1.220517352000000000e+09
1.220517472000000000e+09
1.220517592000000000e+09
1.220517712000000000e+09
1.220517832000000000e+09
1.220517952000000000e+09
1.220518072000000000e+09
1.220518192000000000e+09
1.220518312000000000e+09
1.220518432000000000e+09
1.220518552000000000e+09
1.220518672000000000e+09
1.220518848000000000e+09
1.220518968000000000e+09
1.220519088000000000e+09
1.220519208000000000e+09
1.220519328000000000e+09
1.220519448000000000e+09
1.220519568000000000e+09
1.220519688000000000e+09
1.220519808000000000e+09
1.220519928000000000e+09
1.220520048000000000e+09
1.220520168000000000e+09
1.220520288000000000e+09
1.220520408000000000e+09
1.220520528000000000e+09
1.220520648000000000e+09
1.220520768000000000e+09
1.220520888000000000e+09
1.220521008000000000e+09
1.220521128000000000e+09
1.220521248000000000e+09
1.220521368000000000e+09
1.220521488000000000e+09
1.220521608000000000e+09
1.220521728000000000e+09
1.220521848000000000e+09
1.220521968000000000e+09
1.220522088000000000e+09
1.220522208000000000e+09
1.220522328000000000e+09
1.220522448000000000e+09
1.220522568000000000e+09
1.220522688000000000e+09
1.220522808000000000e+09
1.220522928000000000e+09
1.220523048000000000e+09
1.220523168000000000e+09
1.220523288000000000e+09
1.220523408000000000e+09
1.220523528000000000e+09
1.220523648000000000e+09
1.220523768000000000e+09
1.220523888000000000e+09
1.220524008000000000e+09
1.220524128000000000e+09
1.220524248000000000e+09
1.220524368000000000e+09
1.220524488000000000e+09
1.220524608000000000e+09
1.220524728000000000e+09
1.220524848000000000e+09
1.220524968000000000e+09
1.220525088000000000e+09
1.220525208000000000e+09
1.220525328000000000e+09
1.220525448000000000e+09
1.220525568000000000e+09
1.220525688000000000e+09
1.220525808000000000e+09
1.220525928000000000e+09
1.220526048000000000e+09
1.220526232000000000e+09
1.220526352000000000e+09
1.220526472000000000e+09
1.220526592000000000e+09
1.220526712000000000e+09
1.220526832000000000e+09
1.220526952000000000e+09
1.220527072000000000e+09
1.220527192000000000e+09
1.220527312000000000e+09
