1.221040640000000000e+09
1.221040816000000000e+09
1.221040936000000000e+09
1.221041056000000000e+09
1.221041176000000000e+09
1.221041296000000000e+09
1.221041416000000000e+09
1.221041536000000000e+09
1.221041656000000000e+09
1.221041776000000000e+09
1.221041896000000000e+09
1.221042016000000000e+09
1.221042136000000000e+09
1.221042256000000000e+09
1.221042376000000000e+09
1.221042496000000000e+09
1.221042616000000000e+09
1.221042736000000000e+09
1.221042856000000000e+09
1.221042976000000000e+09
1.221043096000000000e+09
1.221043216000000000e+09
1.221043336000000000e+09
1.221043456000000000e+09
1.221043576000000000e+09
1.221043696000000000e+09
1.221043816000000000e+09
1.221043936000000000e+09
1.221044056000000000e+09
1.221044176000000000e+09
1.221044296000000000e+09
1.221044416000000000e+09
1.221044536000000000e+09
1.221044656000000000e+09
1.221044776000000000e+09
1.221044896000000000e+09
1.221045016000000000e+09
1.221045136000000000e+09
1.221045256000000000e+09
1.221045376000000000e+09
1.221045496000000000e+09
1.221045616000000000e+09
1.221045736000000000e+09
1.221045856000000000e+09
1.221045976000000000e+09
1.221046096000000000e+09
1.221046216000000000e+09
1.221046336000000000e+09
1.221046456000000000e+09
1.221046576000000000e+09
1.221046696000000000e+09
1.221046816000000000e+09
1.221046936000000000e+09
1.221047056000000000e+09
1.221047176000000000e+09
1.221047296000000000e+09
1.221047416000000000e+09
1.221047536000000000e+09
1.221047656000000000e+09
1.221047776000000000e+09
1.221047896000000000e+09
1.221048016000000000e+09
1.221048200000000000e+09
1.221048320000000000e+09
1.221048440000000000e+09
1.221048560000000000e+09
1.221048680000000000e+09
1.221048800000000000e+09
1.221048920000000000e+09
1.221049040000000000e+09
1.221049160000000000e+09
1.221049280000000000e+09
1.221049400000000000e+09
1.221049520000000000e+09
1.221049640000000000e+09
1.221049760000000000e+09
1.221049880000000000e+09
1.221050000000000000e+09
1.221050120000000000e+09
1.221050240000000000e+09
1.221050360000000000e+09
1.221050480000000000e+09
1.221050600000000000e+09
1.221050720000000000e+09
1.221050840000000000e+09
1.221050960000000000e+09
1.221051080000000000e+09
1.221051200000000000e+09
1.221051320000000000e+09
1.221051440000000000e+09
1.221051560000000000e+09
1.221051680000000000e+09
1.221051800000000000e+09
1.221051920000000000e+09
1.221052040000000000e+09
1.221052160000000000e+09
1.221052280000000000e+09
1.221052400000000000e+09
1.221052520000000000e+09
1.221052640000000000e+09
1.221052760000000000e+09
1.221052880000000000e+09
1.221053000000000000e+09
1.221053120000000000e+09
1.221053240000000000e+09
1.221053360000000000e+09
1.221053480000000000e+09
1.221053600000000000e+09
1.221053720000000000e+09
1.221053840000000000e+09
1.221053960000000000e+09
1.221054080000000000e+09
1.221054200000000000e+09
1.221054320000000000e+09
1.221054440000000000e+09
1.221054560000000000e+09
1.221054680000000000e+09
1.221054800000000000e+09
1.221054920000000000e+09
1.221055040000000000e+09
1.221055160000000000e+09
1.221055280000000000e+09
1.221055400000000000e+09
1.221055576000000000e+09
1.221055696000000000e+09
1.221055816000000000e+09
1.221055936000000000e+09
1.221056056000000000e+09
1.221056176000000000e+09
1.221056296000000000e+09
1.221056416000000000e+09
1.221056536000000000e+09
1.221056656000000000e+09
1.221056776000000000e+09
1.221056896000000000e+09
1.221057016000000000e+09
1.221057136000000000e+09
1.221057256000000000e+09
1.221057376000000000e+09
1.221057496000000000e+09
1.221057616000000000e+09
1.221057736000000000e+09
1.221057856000000000e+09
1.221057976000000000e+09
1.221058096000000000e+09
1.221058216000000000e+09
1.221058336000000000e+09
1.221058456000000000e+09
1.221058576000000000e+09
1.221058696000000000e+09
1.221058816000000000e+09
1.221058936000000000e+09
1.221059056000000000e+09
1.221059176000000000e+09
1.221059296000000000e+09
1.221059416000000000e+09
1.221059536000000000e+09
1.221059656000000000e+09
1.221059776000000000e+09
1.221059896000000000e+09
1.221060016000000000e+09
1.221060136000000000e+09
1.221060256000000000e+09
1.221060376000000000e+09
1.221060496000000000e+09
1.221060616000000000e+09
1.221060736000000000e+09
1.221060856000000000e+09
1.221060976000000000e+09
1.221061096000000000e+09
1.221061216000000000e+09
1.221061336000000000e+09
1.221061456000000000e+09
1.221061576000000000e+09
1.221061696000000000e+09
1.221061816000000000e+09
1.221061936000000000e+09
1.221062056000000000e+09
1.221062176000000000e+09
1.221062296000000000e+09
1.221062416000000000e+09
1.221062536000000000e+09
1.221062656000000000e+09
1.221062776000000000e+09
1.221062960000000000e+09
1.221063080000000000e+09
1.221063200000000000e+09
1.221063320000000000e+09
1.221063440000000000e+09
1.221063560000000000e+09
1.221063680000000000e+09
1.221063800000000000e+09
1.221063920000000000e+09
1.221064040000000000e+09
1.221064160000000000e+09
1.221064280000000000e+09
1.221064400000000000e+09
1.221064520000000000e+09
1.221064640000000000e+09
1.221064760000000000e+09
1.221064880000000000e+09
1.221065000000000000e+09
1.221065120000000000e+09
1.221065240000000000e+09
1.221065360000000000e+09
1.221065480000000000e+09
1.221065600000000000e+09
1.221065720000000000e+09
1.221065840000000000e+09
1.221065960000000000e+09
1.221066080000000000e+09
1.221066200000000000e+09
1.221066320000000000e+09
1.221066440000000000e+09
1.221066560000000000e+09
1.221066680000000000e+09
1.221066800000000000e+09
1.221066920000000000e+09
1.221067040000000000e+09
1.221067160000000000e+09
1.221067280000000000e+09
1.221067400000000000e+09
1.221067520000000000e+09
1.221067640000000000e+09
1.221067760000000000e+09
1.221067880000000000e+09
1.221068000000000000e+09
1.221068120000000000e+09
1.221068240000000000e+09
1.221068360000000000e+09
1.221068480000000000e+09
1.221068600000000000e+09
1.221068720000000000e+09
1.221068840000000000e+09
1.221068960000000000e+09
1.221069080000000000e+09
1.221069200000000000e+09
1.221069320000000000e+09
1.221069440000000000e+09
1.221069560000000000e+09
1.221069680000000000e+09
1.221069800000000000e+09
1.221069920000000000e+09
1.221070040000000000e+09
1.221070160000000000e+09
1.221070336000000000e+09
1.221070456000000000e+09
1.221070576000000000e+09
1.221070696000000000e+09
1.221070816000000000e+09
1.221070936000000000e+09
1.221071056000000000e+09
1.221071176000000000e+09
1.221071296000000000e+09
1.221071416000000000e+09
1.221071536000000000e+09
1.221071656000000000e+09
1.221071776000000000e+09
1.221071896000000000e+09
1.221072016000000000e+09
1.221072136000000000e+09
1.221072256000000000e+09
1.221072376000000000e+09
1.221072496000000000e+09
1.221072616000000000e+09
1.221072736000000000e+09
1.221072856000000000e+09
1.221072976000000000e+09
1.221073096000000000e+09
1.221073216000000000e+09
1.221073336000000000e+09
1.221073456000000000e+09
1.221073576000000000e+09
1.221073696000000000e+09
1.221073816000000000e+09
1.221073936000000000e+09
1.221074056000000000e+09
1.221074176000000000e+09
1.221074296000000000e+09
1.221074416000000000e+09
1.221074536000000000e+09
1.221074656000000000e+09
1.221074776000000000e+09
1.221074896000000000e+09
1.221075016000000000e+09
1.221075136000000000e+09
1.221075256000000000e+09
1.221075376000000000e+09
1.221075496000000000e+09
1.221075616000000000e+09
1.221075736000000000e+09
1.221075856000000000e+09
1.221075976000000000e+09
1.221076096000000000e+09
1.221076216000000000e+09
1.221076336000000000e+09
1.221076456000000000e+09
1.221076576000000000e+09
1.221076696000000000e+09
1.221076816000000000e+09
1.221076936000000000e+09
1.221077056000000000e+09
1.221077176000000000e+09
1.221077296000000000e+09
1.221077416000000000e+09
1.221077536000000000e+09
1.221077720000000000e+09
1.221077840000000000e+09
1.221077960000000000e+09
1.221078080000000000e+09
1.221078200000000000e+09
1.221078320000000000e+09
1.221078440000000000e+09
1.221078560000000000e+09
1.221078680000000000e+09
1.221078800000000000e+09
1.221078920000000000e+09
1.221079040000000000e+09
1.221079160000000000e+09
1.221079280000000000e+09
1.221079400000000000e+09
1.221079520000000000e+09
1.221079640000000000e+09
1.221079760000000000e+09
1.221079880000000000e+09
1.221080000000000000e+09
1.221080120000000000e+09
1.221080240000000000e+09
1.221080360000000000e+09
1.221080480000000000e+09
1.221080600000000000e+09
1.221080720000000000e+09
1.221080840000000000e+09
1.221080960000000000e+09
1.221081080000000000e+09
1.221081200000000000e+09
1.221081320000000000e+09
1.221081440000000000e+09
1.221081560000000000e+09
1.221081680000000000e+09
1.221081800000000000e+09
1.221081920000000000e+09
1.221082040000000000e+09
1.221082160000000000e+09
1.221082280000000000e+09
1.221082400000000000e+09
1.221082520000000000e+09
1.221082640000000000e+09
1.221082760000000000e+09
1.221082880000000000e+09
1.221083000000000000e+09
1.221083120000000000e+09
1.221083240000000000e+09
1.221083360000000000e+09
1.221083480000000000e+09
1.221083600000000000e+09
1.221083720000000000e+09
1.221083840000000000e+09
1.221083960000000000e+09
1.221084080000000000e+09
1.221084200000000000e+09
1.221084320000000000e+09
1.221084440000000000e+09
1.221084560000000000e+09
1.221084680000000000e+09
1.221084800000000000e+09
1.221084920000000000e+09
1.221085096000000000e+09
1.221085216000000000e+09
1.221085336000000000e+09
1.221085456000000000e+09
1.221085576000000000e+09
1.221085696000000000e+09
1.221085816000000000e+09
1.221085936000000000e+09
1.221086056000000000e+09
1.221086176000000000e+09
1.221086296000000000e+09
1.221086416000000000e+09
1.221086536000000000e+09
1.221086656000000000e+09
1.221086776000000000e+09
1.221086896000000000e+09
1.221087016000000000e+09
1.221087136000000000e+09
1.221087256000000000e+09
1.221087376000000000e+09
1.221087496000000000e+09
1.221087616000000000e+09
1.221087736000000000e+09
1.221087856000000000e+09
1.221087976000000000e+09
1.221088096000000000e+09
1.221088216000000000e+09
1.221088336000000000e+09
1.221088456000000000e+09
1.221088576000000000e+09
1.221088696000000000e+09
1.221088816000000000e+09
1.221088936000000000e+09
1.221089056000000000e+09
1.221089176000000000e+09
1.221089296000000000e+09
1.221089416000000000e+09
1.221089536000000000e+09
1.221089656000000000e+09
1.221089776000000000e+09
1.221089896000000000e+09
1.221090016000000000e+09
1.221090136000000000e+09
1.221090256000000000e+09
1.221090376000000000e+09
1.221090496000000000e+09
1.221090616000000000e+09
1.221090736000000000e+09
1.221090856000000000e+09
1.221090976000000000e+09
1.221091096000000000e+09
1.221091216000000000e+09
1.221091336000000000e+09
1.221091456000000000e+09
1.221091576000000000e+09
1.221091696000000000e+09
1.221091816000000000e+09
1.221091936000000000e+09
1.221092056000000000e+09
1.221092176000000000e+09
1.221092296000000000e+09
1.221092480000000000e+09
1.221092600000000000e+09
1.221092720000000000e+09
1.221092840000000000e+09
1.221092960000000000e+09
1.221093080000000000e+09
1.221093200000000000e+09
1.221093320000000000e+09
1.221093440000000000e+09
1.221093560000000000e+09
1.221093680000000000e+09
1.221093800000000000e+09
1.221093920000000000e+09
1.221094040000000000e+09
1.221094160000000000e+09
1.221094280000000000e+09
1.221094400000000000e+09
1.221094520000000000e+09
1.221094640000000000e+09
1.221094760000000000e+09
1.221094880000000000e+09
1.221095000000000000e+09
1.221095120000000000e+09
1.221095240000000000e+09
1.221095360000000000e+09
1.221095480000000000e+09
1.221095600000000000e+09
1.221095720000000000e+09
1.221095840000000000e+09
1.221095960000000000e+09
1.221096080000000000e+09
1.221096200000000000e+09
1.221096320000000000e+09
1.221096440000000000e+09
1.221096560000000000e+09
1.221096680000000000e+09
1.221096800000000000e+09
1.221096920000000000e+09
1.221097040000000000e+09
1.221097160000000000e+09
1.221097280000000000e+09
1.221097400000000000e+09
1.221097520000000000e+09
1.221097640000000000e+09
1.221097760000000000e+09
1.221097880000000000e+09
1.221098000000000000e+09
1.221098120000000000e+09
1.221098240000000000e+09
1.221098360000000000e+09
1.221098480000000000e+09
1.221098600000000000e+09
1.221098720000000000e+09
1.221098840000000000e+09
1.221098960000000000e+09
1.221099080000000000e+09
1.221099200000000000e+09
1.221099320000000000e+09
1.221099440000000000e+09
1.221099560000000000e+09
1.221099680000000000e+09
1.221099856000000000e+09
1.221099976000000000e+09
1.221100096000000000e+09
1.221100216000000000e+09
1.221100336000000000e+09
1.221100456000000000e+09
1.221100576000000000e+09
1.221100696000000000e+09
1.221100816000000000e+09
1.221100936000000000e+09
1.221101056000000000e+09
1.221101176000000000e+09
1.221101296000000000e+09
1.221101416000000000e+09
1.221101536000000000e+09
1.221101656000000000e+09
1.221101776000000000e+09
1.221101896000000000e+09
1.221102016000000000e+09
1.221102136000000000e+09
1.221102256000000000e+09
1.221102376000000000e+09
1.221102496000000000e+09
1.221102616000000000e+09
1.221102736000000000e+09
1.221102856000000000e+09
1.221102976000000000e+09
1.221103096000000000e+09
1.221103216000000000e+09
1.221103336000000000e+09
1.221103456000000000e+09
1.221103576000000000e+09
1.221103696000000000e+09
1.221103816000000000e+09
1.221103936000000000e+09
1.221104056000000000e+09
1.221104176000000000e+09
1.221104296000000000e+09
1.221104416000000000e+09
1.221104536000000000e+09
1.221104656000000000e+09
1.221104776000000000e+09
1.221104896000000000e+09
1.221105016000000000e+09
1.221105136000000000e+09
1.221105256000000000e+09
1.221105376000000000e+09
1.221105496000000000e+09
1.221105616000000000e+09
1.221105736000000000e+09
1.221105856000000000e+09
1.221105976000000000e+09
1.221106096000000000e+09
1.221106216000000000e+09
1.221106336000000000e+09
1.221106456000000000e+09
1.221106576000000000e+09
1.221106696000000000e+09
1.221106816000000000e+09
1.221106936000000000e+09
1.221107056000000000e+09
1.221107240000000000e+09
1.221107360000000000e+09
1.221107480000000000e+09
1.221107600000000000e+09
1.221107720000000000e+09
1.221107840000000000e+09
1.221107960000000000e+09
1.221108080000000000e+09
1.221108200000000000e+09
1.221108320000000000e+09
1.221108440000000000e+09
1.221108560000000000e+09
1.221108680000000000e+09
1.221108800000000000e+09
1.221108920000000000e+09
1.221109040000000000e+09
1.221109160000000000e+09
1.221109280000000000e+09
1.221109400000000000e+09
1.221109520000000000e+09
1.221109640000000000e+09
1.221109760000000000e+09
1.221109880000000000e+09
1.221110000000000000e+09
1.221110120000000000e+09
1.221110240000000000e+09
1.221110360000000000e+09
1.221110480000000000e+09
1.221110600000000000e+09
1.221110720000000000e+09
1.221110840000000000e+09
1.221110960000000000e+09
1.221111080000000000e+09
1.221111200000000000e+09
1.221111320000000000e+09
1.221111440000000000e+09
1.221111560000000000e+09
1.221111680000000000e+09
1.221111800000000000e+09
1.221111920000000000e+09
1.221112040000000000e+09
1.221112160000000000e+09
1.221112280000000000e+09
1.221112400000000000e+09
1.221112520000000000e+09
1.221112640000000000e+09
1.221112760000000000e+09
1.221112880000000000e+09
1.221113000000000000e+09
1.221113120000000000e+09
1.221113240000000000e+09
1.221113360000000000e+09
1.221113480000000000e+09
1.221113600000000000e+09
1.221113720000000000e+09
1.221113840000000000e+09
1.221113960000000000e+09
1.221114080000000000e+09
1.221114200000000000e+09
1.221114320000000000e+09
1.221114440000000000e+09
1.221114616000000000e+09
1.221114736000000000e+09
1.221114856000000000e+09
1.221114976000000000e+09
1.221115096000000000e+09
1.221115216000000000e+09
1.221115336000000000e+09
1.221115456000000000e+09
1.221115576000000000e+09
1.221115696000000000e+09
1.221115816000000000e+09
1.221115936000000000e+09
1.221116056000000000e+09
1.221116176000000000e+09
1.221116296000000000e+09
1.221116416000000000e+09
1.221116536000000000e+09
1.221116656000000000e+09
1.221116776000000000e+09
1.221116896000000000e+09
1.221117016000000000e+09
1.221117136000000000e+09
1.221117256000000000e+09
1.221117376000000000e+09
1.221117496000000000e+09
1.221117616000000000e+09
1.221117736000000000e+09
1.221117856000000000e+09
1.221117976000000000e+09
1.221118096000000000e+09
1.221118216000000000e+09
1.221118336000000000e+09
1.221118456000000000e+09
1.221118576000000000e+09
1.221118696000000000e+09
1.221118816000000000e+09
1.221118936000000000e+09
1.221119056000000000e+09
1.221119176000000000e+09
1.221119296000000000e+09
1.221119416000000000e+09
1.221119536000000000e+09
1.221119656000000000e+09
1.221119776000000000e+09
1.221119896000000000e+09
1.221120016000000000e+09
1.221120136000000000e+09
1.221120256000000000e+09
1.221120376000000000e+09
1.221120496000000000e+09
1.221120616000000000e+09
1.221120736000000000e+09
1.221120856000000000e+09
1.221120976000000000e+09
1.221121096000000000e+09
1.221121216000000000e+09
1.221121336000000000e+09
1.221121456000000000e+09
1.221121576000000000e+09
1.221121696000000000e+09
1.221121816000000000e+09
1.221122000000000000e+09
1.221122120000000000e+09
1.221122240000000000e+09
1.221122360000000000e+09
1.221122480000000000e+09
1.221122600000000000e+09
1.221122720000000000e+09
1.221122840000000000e+09
1.221122960000000000e+09
1.221123080000000000e+09
1.221123200000000000e+09
1.221123320000000000e+09
1.221123440000000000e+09
1.221123560000000000e+09
1.221123680000000000e+09
1.221123800000000000e+09
1.221123920000000000e+09
1.221124040000000000e+09
1.221124160000000000e+09
1.221124280000000000e+09
1.221124400000000000e+09
1.221124520000000000e+09
1.221124640000000000e+09
1.221124760000000000e+09
1.221124880000000000e+09
1.221125000000000000e+09
1.221125120000000000e+09
1.221125240000000000e+09
1.221125360000000000e+09
1.221125480000000000e+09
1.221125600000000000e+09
1.221125720000000000e+09
1.221125840000000000e+09
1.221125960000000000e+09
1.221126080000000000e+09
1.221126200000000000e+09
1.221126320000000000e+09
1.221126440000000000e+09
1.221126560000000000e+09
1.221126680000000000e+09
1.221126800000000000e+09
1.221126920000000000e+09
1.221127040000000000e+09
1.221127160000000000e+09
1.221127280000000000e+09
1.221127400000000000e+09
1.221127520000000000e+09
1.221127640000000000e+09
1.221127760000000000e+09
1.221127880000000000e+09
1.221128000000000000e+09
1.221128120000000000e+09
1.221128240000000000e+09
1.221128360000000000e+09
1.221128480000000000e+09
1.221128600000000000e+09
1.221128720000000000e+09
1.221128840000000000e+09
1.221128960000000000e+09
1.221129080000000000e+09
1.221129200000000000e+09
1.221129376000000000e+09
1.221129496000000000e+09
1.221129616000000000e+09
1.221129736000000000e+09
1.221129856000000000e+09
1.221129976000000000e+09
1.221130096000000000e+09
1.221130216000000000e+09
1.221130336000000000e+09
1.221130456000000000e+09
