1.227675272000000000e+09
1.227675456000000000e+09
1.227675576000000000e+09
1.227675696000000000e+09
1.227675816000000000e+09
1.227675936000000000e+09
1.227676056000000000e+09
1.227676176000000000e+09
1.227676296000000000e+09
1.227676416000000000e+09
1.227676536000000000e+09
1.227676656000000000e+09
1.227676776000000000e+09
1.227676896000000000e+09
1.227677016000000000e+09
1.227677136000000000e+09
1.227677256000000000e+09
1.227677376000000000e+09
1.227677496000000000e+09
1.227677616000000000e+09
1.227677736000000000e+09
1.227677856000000000e+09
1.227677976000000000e+09
1.227678096000000000e+09
1.227678216000000000e+09
1.227678336000000000e+09
1.227678456000000000e+09
1.227678576000000000e+09
1.227678696000000000e+09
1.227678816000000000e+09
1.227678936000000000e+09
1.227679056000000000e+09
1.227679176000000000e+09
1.227679296000000000e+09
1.227679416000000000e+09
1.227679536000000000e+09
1.227679656000000000e+09
1.227679776000000000e+09
1.227679896000000000e+09
1.227680016000000000e+09
1.227680136000000000e+09
1.227680256000000000e+09
1.227680376000000000e+09
1.227680496000000000e+09
1.227680616000000000e+09
1.227680736000000000e+09
1.227680856000000000e+09
1.227680976000000000e+09
1.227681096000000000e+09
1.227681216000000000e+09
1.227681336000000000e+09
1.227681456000000000e+09
1.227681576000000000e+09
1.227681696000000000e+09
1.227681816000000000e+09
1.227681936000000000e+09
1.227682056000000000e+09
1.227682176000000000e+09
1.227682296000000000e+09
1.227682416000000000e+09
1.227682536000000000e+09
1.227682656000000000e+09
1.227682832000000000e+09
1.227682952000000000e+09
1.227683072000000000e+09
1.227683192000000000e+09
1.227683312000000000e+09
1.227683432000000000e+09
1.227683552000000000e+09
1.227683672000000000e+09
1.227683792000000000e+09
1.227683912000000000e+09
1.227684032000000000e+09
1.227684152000000000e+09
1.227684272000000000e+09
1.227684392000000000e+09
1.227684512000000000e+09
1.227684632000000000e+09
1.227684752000000000e+09
1.227684872000000000e+09
1.227684992000000000e+09
1.227685112000000000e+09
1.227685232000000000e+09
1.227685352000000000e+09
1.227685472000000000e+09
1.227685592000000000e+09
1.227685712000000000e+09
1.227685832000000000e+09
1.227685952000000000e+09
1.227686072000000000e+09
1.227686192000000000e+09
1.227686312000000000e+09
1.227686432000000000e+09
1.227686552000000000e+09
1.227686672000000000e+09
1.227686792000000000e+09
1.227686912000000000e+09
1.227687032000000000e+09
1.227687152000000000e+09
1.227687272000000000e+09
1.227687392000000000e+09
1.227687512000000000e+09
1.227687632000000000e+09
1.227687752000000000e+09
1.227687872000000000e+09
1.227687992000000000e+09
1.227688112000000000e+09
1.227688232000000000e+09
1.227688352000000000e+09
1.227688472000000000e+09
1.227688592000000000e+09
1.227688712000000000e+09
1.227688832000000000e+09
1.227688952000000000e+09
1.227689072000000000e+09
1.227689192000000000e+09
1.227689312000000000e+09
1.227689432000000000e+09
1.227689552000000000e+09
1.227689672000000000e+09
1.227689792000000000e+09
1.227689912000000000e+09
1.227690032000000000e+09
1.227690216000000000e+09
1.227690336000000000e+09
1.227690456000000000e+09
1.227690576000000000e+09
1.227690696000000000e+09
1.227690816000000000e+09
1.227690936000000000e+09
1.227691056000000000e+09
1.227691176000000000e+09
1.227691296000000000e+09
1.227691416000000000e+09
1.227691536000000000e+09
1.227691656000000000e+09
1.227691776000000000e+09
1.227691896000000000e+09
1.227692016000000000e+09
1.227692136000000000e+09
1.227692256000000000e+09
1.227692376000000000e+09
1.227692496000000000e+09
1.227692616000000000e+09
1.227692736000000000e+09
1.227692856000000000e+09
1.227692976000000000e+09
1.227693096000000000e+09
1.227693216000000000e+09
1.227693336000000000e+09
1.227693456000000000e+09
1.227693576000000000e+09
1.227693696000000000e+09
1.227693816000000000e+09
1.227693936000000000e+09
1.227694056000000000e+09
1.227694176000000000e+09
1.227694296000000000e+09
1.227694416000000000e+09
1.227694536000000000e+09
1.227694656000000000e+09
1.227694776000000000e+09
1.227694896000000000e+09
1.227695016000000000e+09
1.227695136000000000e+09
1.227695256000000000e+09
1.227695376000000000e+09
1.227695496000000000e+09
1.227695616000000000e+09
1.227695736000000000e+09
1.227695856000000000e+09
1.227695976000000000e+09
1.227696096000000000e+09
1.227696216000000000e+09
1.227696336000000000e+09
1.227696456000000000e+09
1.227696576000000000e+09
1.227696696000000000e+09
1.227696816000000000e+09
1.227696936000000000e+09
1.227697056000000000e+09
1.227697176000000000e+09
1.227697296000000000e+09
1.227697416000000000e+09
1.227697592000000000e+09
1.227697712000000000e+09
1.227697832000000000e+09
1.227697952000000000e+09
1.227698072000000000e+09
1.227698192000000000e+09
1.227698312000000000e+09
1.227698432000000000e+09
1.227698552000000000e+09
1.227698672000000000e+09
1.227698792000000000e+09
1.227698912000000000e+09
1.227699032000000000e+09
1.227699152000000000e+09
1.227699272000000000e+09
1.227699392000000000e+09
1.227699512000000000e+09
1.227699632000000000e+09
1.227699752000000000e+09
1.227699872000000000e+09
1.227699992000000000e+09
1.227700112000000000e+09
1.227700232000000000e+09
1.227700352000000000e+09
1.227700472000000000e+09
1.227700592000000000e+09
1.227700712000000000e+09
1.227700832000000000e+09
1.227700952000000000e+09
1.227701072000000000e+09
1.227701192000000000e+09
1.227701312000000000e+09
1.227701432000000000e+09
1.227701552000000000e+09
1.227701672000000000e+09
1.227701792000000000e+09
1.227701912000000000e+09
1.227702032000000000e+09
1.227702152000000000e+09
1.227702272000000000e+09
1.227702392000000000e+09
1.227702512000000000e+09
1.227702632000000000e+09
1.227702752000000000e+09
1.227702872000000000e+09
1.227702992000000000e+09
1.227703112000000000e+09
1.227703232000000000e+09
1.227703352000000000e+09
1.227703472000000000e+09
1.227703592000000000e+09
1.227703712000000000e+09
1.227703832000000000e+09
1.227703952000000000e+09
1.227704072000000000e+09
1.227704192000000000e+09
1.227704312000000000e+09
1.227704432000000000e+09
1.227704552000000000e+09
1.227704672000000000e+09
1.227704792000000000e+09
1.227704976000000000e+09
1.227705096000000000e+09
1.227705216000000000e+09
1.227705336000000000e+09
1.227705456000000000e+09
1.227705576000000000e+09
1.227705696000000000e+09
1.227705816000000000e+09
1.227705936000000000e+09
1.227706056000000000e+09
1.227706176000000000e+09
1.227706296000000000e+09
1.227706416000000000e+09
1.227706536000000000e+09
1.227706656000000000e+09
1.227706776000000000e+09
1.227706896000000000e+09
1.227707016000000000e+09
1.227707136000000000e+09
1.227707256000000000e+09
1.227707376000000000e+09
1.227707496000000000e+09
1.227707616000000000e+09
1.227707736000000000e+09
1.227707856000000000e+09
1.227707976000000000e+09
1.227708096000000000e+09
1.227708216000000000e+09
1.227708336000000000e+09
1.227708456000000000e+09
1.227708576000000000e+09
1.227708696000000000e+09
1.227708816000000000e+09
1.227708936000000000e+09
1.227709056000000000e+09
1.227709176000000000e+09
1.227709296000000000e+09
1.227709416000000000e+09
1.227709536000000000e+09
1.227709656000000000e+09
1.227709776000000000e+09
1.227709896000000000e+09
1.227710016000000000e+09
1.227710136000000000e+09
1.227710256000000000e+09
1.227710376000000000e+09
1.227710496000000000e+09
1.227710616000000000e+09
1.227710736000000000e+09
1.227710856000000000e+09
1.227710976000000000e+09
1.227711096000000000e+09
1.227711216000000000e+09
1.227711336000000000e+09
1.227711456000000000e+09
1.227711576000000000e+09
1.227711696000000000e+09
1.227711816000000000e+09
1.227711936000000000e+09
1.227712056000000000e+09
1.227712176000000000e+09
1.227712352000000000e+09
1.227712472000000000e+09
1.227712592000000000e+09
1.227712712000000000e+09
1.227712832000000000e+09
1.227712952000000000e+09
1.227713072000000000e+09
1.227713192000000000e+09
1.227713312000000000e+09
1.227713432000000000e+09
1.227713552000000000e+09
1.227713672000000000e+09
1.227713792000000000e+09
1.227713912000000000e+09
1.227714032000000000e+09
1.227714152000000000e+09
1.227714272000000000e+09
1.227714392000000000e+09
1.227714512000000000e+09
1.227714632000000000e+09
1.227714752000000000e+09
1.227714872000000000e+09
1.227714992000000000e+09
1.227715112000000000e+09
1.227715232000000000e+09
1.227715352000000000e+09
1.227715472000000000e+09
1.227715592000000000e+09
1.227715712000000000e+09
1.227715832000000000e+09
1.227715952000000000e+09
1.227716072000000000e+09
1.227716192000000000e+09
1.227716312000000000e+09
1.227716432000000000e+09
1.227716552000000000e+09
1.227716672000000000e+09
1.227716792000000000e+09
1.227716912000000000e+09
1.227717032000000000e+09
1.227717152000000000e+09
1.227717272000000000e+09
1.227717392000000000e+09
1.227717512000000000e+09
1.227717632000000000e+09
1.227717752000000000e+09
1.227717872000000000e+09
1.227717992000000000e+09
1.227718112000000000e+09
1.227718232000000000e+09
1.227718352000000000e+09
1.227718472000000000e+09
1.227718592000000000e+09
1.227718712000000000e+09
1.227718832000000000e+09
1.227718952000000000e+09
1.227719072000000000e+09
1.227719192000000000e+09
1.227719312000000000e+09
1.227719432000000000e+09
1.227719552000000000e+09
1.227719736000000000e+09
1.227719856000000000e+09
1.227719976000000000e+09
1.227720096000000000e+09
1.227720216000000000e+09
1.227720336000000000e+09
1.227720456000000000e+09
1.227720576000000000e+09
1.227720696000000000e+09
1.227720816000000000e+09
1.227720936000000000e+09
1.227721056000000000e+09
1.227721176000000000e+09
1.227721296000000000e+09
1.227721416000000000e+09
1.227721536000000000e+09
1.227721656000000000e+09
1.227721776000000000e+09
1.227721896000000000e+09
1.227722016000000000e+09
1.227722136000000000e+09
1.227722256000000000e+09
1.227722376000000000e+09
1.227722496000000000e+09
1.227722616000000000e+09
1.227722736000000000e+09
1.227722856000000000e+09
1.227722976000000000e+09
1.227723096000000000e+09
1.227723216000000000e+09
1.227723336000000000e+09
1.227723456000000000e+09
1.227723576000000000e+09
1.227723696000000000e+09
1.227723816000000000e+09
1.227723936000000000e+09
1.227724056000000000e+09
1.227724176000000000e+09
1.227724296000000000e+09
1.227724416000000000e+09
1.227724536000000000e+09
1.227724656000000000e+09
1.227724776000000000e+09
1.227724896000000000e+09
1.227725016000000000e+09
1.227725136000000000e+09
1.227725256000000000e+09
1.227725376000000000e+09
1.227725496000000000e+09
1.227725616000000000e+09
1.227725736000000000e+09
1.227725856000000000e+09
1.227725976000000000e+09
1.227726096000000000e+09
1.227726216000000000e+09
1.227726336000000000e+09
1.227726456000000000e+09
1.227726576000000000e+09
1.227726696000000000e+09
1.227726816000000000e+09
1.227726936000000000e+09
1.227727112000000000e+09
1.227727232000000000e+09
1.227727352000000000e+09
1.227727472000000000e+09
1.227727592000000000e+09
1.227727712000000000e+09
1.227727832000000000e+09
1.227727952000000000e+09
1.227728072000000000e+09
1.227728192000000000e+09
1.227728312000000000e+09
1.227728432000000000e+09
1.227728552000000000e+09
1.227728672000000000e+09
1.227728792000000000e+09
1.227728912000000000e+09
1.227729032000000000e+09
1.227729152000000000e+09
1.227729272000000000e+09
1.227729392000000000e+09
1.227729512000000000e+09
1.227729632000000000e+09
1.227729752000000000e+09
1.227729872000000000e+09
1.227729992000000000e+09
1.227730112000000000e+09
1.227730232000000000e+09
1.227730352000000000e+09
1.227730472000000000e+09
1.227730592000000000e+09
1.227730712000000000e+09
1.227730832000000000e+09
1.227730952000000000e+09
1.227731072000000000e+09
1.227731192000000000e+09
1.227731312000000000e+09
1.227731432000000000e+09
1.227731552000000000e+09
1.227731672000000000e+09
1.227731792000000000e+09
1.227731912000000000e+09
1.227732032000000000e+09
1.227732152000000000e+09
1.227732272000000000e+09
1.227732392000000000e+09
1.227732512000000000e+09
1.227732632000000000e+09
1.227732752000000000e+09
1.227732872000000000e+09
1.227732992000000000e+09
1.227733112000000000e+09
1.227733232000000000e+09
1.227733352000000000e+09
1.227733472000000000e+09
1.227733592000000000e+09
1.227733712000000000e+09
1.227733832000000000e+09
1.227733952000000000e+09
1.227734072000000000e+09
1.227734192000000000e+09
1.227734312000000000e+09
1.227734496000000000e+09
1.227734616000000000e+09
1.227734736000000000e+09
1.227734856000000000e+09
1.227734976000000000e+09
1.227736536000000000e+09
1.227736656000000000e+09
1.227736776000000000e+09
1.227736896000000000e+09
1.227737016000000000e+09
1.227737136000000000e+09
1.227737256000000000e+09
1.227737376000000000e+09
1.227737496000000000e+09
1.227737616000000000e+09
1.227737736000000000e+09
1.227737856000000000e+09
1.227737976000000000e+09
1.227738096000000000e+09
1.227738216000000000e+09
1.227738336000000000e+09
1.227738456000000000e+09
1.227738576000000000e+09
1.227738696000000000e+09
1.227738816000000000e+09
1.227738936000000000e+09
1.227739056000000000e+09
1.227739176000000000e+09
1.227739296000000000e+09
1.227739416000000000e+09
1.227739536000000000e+09
1.227739656000000000e+09
1.227739776000000000e+09
1.227739896000000000e+09
1.227740016000000000e+09
1.227740136000000000e+09
1.227740256000000000e+09
1.227740376000000000e+09
1.227740496000000000e+09
1.227740616000000000e+09
1.227740736000000000e+09
1.227740856000000000e+09
1.227740976000000000e+09
1.227741096000000000e+09
1.227741216000000000e+09
1.227741336000000000e+09
1.227741456000000000e+09
1.227741576000000000e+09
1.227741696000000000e+09
1.227741872000000000e+09
1.227741992000000000e+09
1.227742112000000000e+09
1.227742232000000000e+09
1.227742352000000000e+09
1.227742472000000000e+09
1.227742592000000000e+09
1.227742712000000000e+09
1.227742832000000000e+09
1.227742952000000000e+09
1.227743072000000000e+09
1.227743192000000000e+09
1.227743312000000000e+09
1.227743432000000000e+09
1.227743552000000000e+09
1.227743672000000000e+09
1.227743792000000000e+09
1.227743912000000000e+09
1.227744032000000000e+09
1.227744152000000000e+09
1.227744272000000000e+09
1.227744392000000000e+09
1.227744512000000000e+09
1.227744632000000000e+09
1.227744752000000000e+09
1.227744872000000000e+09
1.227744992000000000e+09
1.227745112000000000e+09
1.227745232000000000e+09
1.227745352000000000e+09
1.227745472000000000e+09
1.227745592000000000e+09
1.227745712000000000e+09
1.227745832000000000e+09
1.227745952000000000e+09
1.227746072000000000e+09
1.227746192000000000e+09
1.227746312000000000e+09
1.227746432000000000e+09
1.227746552000000000e+09
1.227746672000000000e+09
1.227746792000000000e+09
1.227746912000000000e+09
1.227747032000000000e+09
1.227747152000000000e+09
1.227747272000000000e+09
1.227747392000000000e+09
1.227747512000000000e+09
1.227747632000000000e+09
1.227747752000000000e+09
1.227747872000000000e+09
1.227747992000000000e+09
1.227748112000000000e+09
1.227748232000000000e+09
1.227748352000000000e+09
1.227748472000000000e+09
1.227748592000000000e+09
1.227748712000000000e+09
1.227748832000000000e+09
1.227748952000000000e+09
1.227749072000000000e+09
1.227749256000000000e+09
1.227749376000000000e+09
1.227749496000000000e+09
1.227749616000000000e+09
1.227749736000000000e+09
1.227749856000000000e+09
1.227749976000000000e+09
1.227750096000000000e+09
1.227750216000000000e+09
1.227750336000000000e+09
1.227750456000000000e+09
1.227750576000000000e+09
1.227750696000000000e+09
1.227750816000000000e+09
1.227750936000000000e+09
1.227751056000000000e+09
1.227751176000000000e+09
1.227751296000000000e+09
1.227751416000000000e+09
1.227751536000000000e+09
1.227751656000000000e+09
1.227751776000000000e+09
1.227751896000000000e+09
1.227752016000000000e+09
1.227752136000000000e+09
1.227752256000000000e+09
1.227752376000000000e+09
1.227752496000000000e+09
1.227752616000000000e+09
1.227752736000000000e+09
1.227752856000000000e+09
1.227752976000000000e+09
1.227753096000000000e+09
1.227753216000000000e+09
1.227753336000000000e+09
1.227753456000000000e+09
1.227753576000000000e+09
1.227753696000000000e+09
1.227753816000000000e+09
1.227753936000000000e+09
1.227754056000000000e+09
1.227754176000000000e+09
1.227754296000000000e+09
1.227754416000000000e+09
1.227754536000000000e+09
1.227754656000000000e+09
1.227754776000000000e+09
1.227754896000000000e+09
1.227755016000000000e+09
1.227755136000000000e+09
1.227755256000000000e+09
1.227755376000000000e+09
1.227755496000000000e+09
1.227755616000000000e+09
1.227755736000000000e+09
1.227755856000000000e+09
1.227755976000000000e+09
1.227756096000000000e+09
1.227756216000000000e+09
1.227756336000000000e+09
1.227756456000000000e+09
1.227756632000000000e+09
1.227756752000000000e+09
1.227756872000000000e+09
1.227756992000000000e+09
1.227757112000000000e+09
1.227757232000000000e+09
1.227757352000000000e+09
1.227757472000000000e+09
1.227757592000000000e+09
1.227757712000000000e+09
1.227757832000000000e+09
1.227757952000000000e+09
1.227758072000000000e+09
1.227758192000000000e+09
1.227758312000000000e+09
1.227758432000000000e+09
1.227758552000000000e+09
1.227758672000000000e+09
1.227758792000000000e+09
1.227758912000000000e+09
1.227759032000000000e+09
1.227759152000000000e+09
1.227759272000000000e+09
1.227759392000000000e+09
1.227759512000000000e+09
1.227759632000000000e+09
1.227759752000000000e+09
1.227759872000000000e+09
1.227759992000000000e+09
1.227760112000000000e+09
1.227760232000000000e+09
1.227760352000000000e+09
1.227760472000000000e+09
1.227760592000000000e+09
1.227760712000000000e+09
1.227760832000000000e+09
1.227760952000000000e+09
1.227761072000000000e+09
1.227761192000000000e+09
1.227761312000000000e+09
1.227761432000000000e+09
1.227761552000000000e+09
1.227761672000000000e+09
1.227761792000000000e+09
1.227761912000000000e+09
1.227762032000000000e+09
1.227762152000000000e+09
1.227762272000000000e+09
1.227764736000000000e+09
1.227764856000000000e+09
1.227764976000000000e+09
1.227765096000000000e+09
