1.229484600000000000e+09
1.229484720000000000e+09
1.229484896000000000e+09
1.229485024000000000e+09
1.229485144000000000e+09
1.229485264000000000e+09
1.229485384000000000e+09
1.229485504000000000e+09
1.229485624000000000e+09
1.229485744000000000e+09
1.229485864000000000e+09
1.229485984000000000e+09
1.229486104000000000e+09
1.229486224000000000e+09
1.229486344000000000e+09
1.229486464000000000e+09
1.229486584000000000e+09
1.229486816000000000e+09
1.229486944000000000e+09
1.229487064000000000e+09
1.229487184000000000e+09
1.229487304000000000e+09
1.229487424000000000e+09
1.229487656000000000e+09
1.229487776000000000e+09
1.229487904000000000e+09
1.229488024000000000e+09
1.229488144000000000e+09
1.229488264000000000e+09
1.229488384000000000e+09
1.229488616000000000e+09
1.229488736000000000e+09
1.229488864000000000e+09
1.229488984000000000e+09
1.229489104000000000e+09
1.229489224000000000e+09
1.229489344000000000e+09
1.229489584000000000e+09
1.229489704000000000e+09
1.229489824000000000e+09
1.229489944000000000e+09
1.229490064000000000e+09
1.229490184000000000e+09
1.229490416000000000e+09
1.229490544000000000e+09
1.229490664000000000e+09
1.229490784000000000e+09
1.229490904000000000e+09
1.229491024000000000e+09
1.229491256000000000e+09
1.229491376000000000e+09
1.229491504000000000e+09
1.229491624000000000e+09
1.229491744000000000e+09
1.229491864000000000e+09
1.229491984000000000e+09
1.229492280000000000e+09
1.229492400000000000e+09
1.229492520000000000e+09
1.229492640000000000e+09
1.229492760000000000e+09
1.229492880000000000e+09
1.229493000000000000e+09
1.229493120000000000e+09
1.229493240000000000e+09
1.229493360000000000e+09
1.229493480000000000e+09
1.229493600000000000e+09
1.229493720000000000e+09
1.229493840000000000e+09
1.229493960000000000e+09
1.229494080000000000e+09
1.229494200000000000e+09
1.229494320000000000e+09
1.229494440000000000e+09
1.229494560000000000e+09
1.229494680000000000e+09
1.229494800000000000e+09
1.229494920000000000e+09
1.229495040000000000e+09
1.229495160000000000e+09
1.229495280000000000e+09
1.229495400000000000e+09
1.229495520000000000e+09
1.229495640000000000e+09
1.229495760000000000e+09
1.229495880000000000e+09
1.229496000000000000e+09
1.229496120000000000e+09
1.229496240000000000e+09
1.229496360000000000e+09
1.229496480000000000e+09
1.229496600000000000e+09
1.229496720000000000e+09
1.229496840000000000e+09
1.229496960000000000e+09
1.229497080000000000e+09
1.229497200000000000e+09
1.229497320000000000e+09
1.229497440000000000e+09
1.229497560000000000e+09
1.229497680000000000e+09
1.229497800000000000e+09
1.229497920000000000e+09
1.229498040000000000e+09
1.229498160000000000e+09
1.229498280000000000e+09
1.229498400000000000e+09
1.229498520000000000e+09
1.229498640000000000e+09
1.229498760000000000e+09
1.229498880000000000e+09
1.229499000000000000e+09
1.229499120000000000e+09
1.229499240000000000e+09
1.229499360000000000e+09
1.229499480000000000e+09
1.229499664000000000e+09
1.229499784000000000e+09
1.229499904000000000e+09
1.229500024000000000e+09
1.229500144000000000e+09
1.229500384000000000e+09
1.229500504000000000e+09
1.229500624000000000e+09
1.229500744000000000e+09
1.229500864000000000e+09
1.229500984000000000e+09
1.229501216000000000e+09
1.229501336000000000e+09
1.229501456000000000e+09
1.229501576000000000e+09
1.229501696000000000e+09
1.229501824000000000e+09
1.229501944000000000e+09
1.229502064000000000e+09
1.229502184000000000e+09
1.229502304000000000e+09
1.229502424000000000e+09
1.229502544000000000e+09
1.229502664000000000e+09
1.229502784000000000e+09
1.229503016000000000e+09
1.229503136000000000e+09
1.229503256000000000e+09
1.229503376000000000e+09
1.229503496000000000e+09
1.229503624000000000e+09
1.229503744000000000e+09
1.229503864000000000e+09
1.229503984000000000e+09
1.229504104000000000e+09
1.229504224000000000e+09
1.229504344000000000e+09
1.229504464000000000e+09
1.229504584000000000e+09
1.229504816000000000e+09
1.229504936000000000e+09
1.229505056000000000e+09
1.229505176000000000e+09
1.229505296000000000e+09
1.229505424000000000e+09
1.229505544000000000e+09
1.229505664000000000e+09
1.229505784000000000e+09
1.229505904000000000e+09
1.229506024000000000e+09
1.229506144000000000e+09
1.229506264000000000e+09
1.229506384000000000e+09
1.229506616000000000e+09
1.229506736000000000e+09
1.229506856000000000e+09
1.229507040000000000e+09
1.229507160000000000e+09
1.229507280000000000e+09
1.229507400000000000e+09
1.229507520000000000e+09
1.229507640000000000e+09
1.229507760000000000e+09
1.229507880000000000e+09
1.229508000000000000e+09
1.229508120000000000e+09
1.229508240000000000e+09
1.229508360000000000e+09
1.229508480000000000e+09
1.229508600000000000e+09
1.229508720000000000e+09
1.229508840000000000e+09
1.229508960000000000e+09
1.229509080000000000e+09
1.229509200000000000e+09
1.229509320000000000e+09
1.229509440000000000e+09
1.229509560000000000e+09
1.229509680000000000e+09
1.229509800000000000e+09
1.229509920000000000e+09
1.229510040000000000e+09
1.229510160000000000e+09
1.229510280000000000e+09
1.229510400000000000e+09
1.229510520000000000e+09
1.229510640000000000e+09
1.229510760000000000e+09
1.229510880000000000e+09
1.229511000000000000e+09
1.229511120000000000e+09
1.229511240000000000e+09
1.229511360000000000e+09
1.229511480000000000e+09
1.229511600000000000e+09
1.229511720000000000e+09
1.229511840000000000e+09
1.229511960000000000e+09
1.229512080000000000e+09
1.229512200000000000e+09
1.229512320000000000e+09
1.229512440000000000e+09
1.229512560000000000e+09
1.229512680000000000e+09
1.229512800000000000e+09
1.229512920000000000e+09
1.229513040000000000e+09
1.229513160000000000e+09
1.229513280000000000e+09
1.229513400000000000e+09
1.229513520000000000e+09
1.229513640000000000e+09
1.229513760000000000e+09
1.229513880000000000e+09
1.229514000000000000e+09
1.229514120000000000e+09
1.229514240000000000e+09
1.229514424000000000e+09
1.229514544000000000e+09
1.229514664000000000e+09
1.229514784000000000e+09
1.229514904000000000e+09
1.229515024000000000e+09
1.229515144000000000e+09
1.229515264000000000e+09
1.229515384000000000e+09
1.229515616000000000e+09
1.229515736000000000e+09
1.229515856000000000e+09
1.229515976000000000e+09
1.229516096000000000e+09
1.229516224000000000e+09
1.229516344000000000e+09
1.229516464000000000e+09
1.229516584000000000e+09
1.229516704000000000e+09
1.229516824000000000e+09
1.229516944000000000e+09
1.229517064000000000e+09
1.229517184000000000e+09
1.229517416000000000e+09
1.229517536000000000e+09
1.229517656000000000e+09
1.229517776000000000e+09
1.229517896000000000e+09
1.229518024000000000e+09
1.229518144000000000e+09
1.229518264000000000e+09
1.229518384000000000e+09
1.229518504000000000e+09
1.229518624000000000e+09
1.229518744000000000e+09
1.229518864000000000e+09
1.229518984000000000e+09
1.229519216000000000e+09
1.229519336000000000e+09
1.229519456000000000e+09
1.229519576000000000e+09
1.229519696000000000e+09
1.229519824000000000e+09
1.229519944000000000e+09
1.229520064000000000e+09
1.229520184000000000e+09
1.229520304000000000e+09
1.229520424000000000e+09
1.229520544000000000e+09
1.229520664000000000e+09
1.229520784000000000e+09
1.229521016000000000e+09
1.229521136000000000e+09
1.229521256000000000e+09
1.229521376000000000e+09
1.229521496000000000e+09
1.229521624000000000e+09
1.229521800000000000e+09
1.229521920000000000e+09
1.229522040000000000e+09
1.229522160000000000e+09
1.229522280000000000e+09
1.229522400000000000e+09
1.229522520000000000e+09
1.229522640000000000e+09
1.229522760000000000e+09
1.229522880000000000e+09
1.229523000000000000e+09
1.229523120000000000e+09
1.229523240000000000e+09
1.229523360000000000e+09
1.229523480000000000e+09
1.229523600000000000e+09
1.229523720000000000e+09
1.229523840000000000e+09
1.229523960000000000e+09
1.229524080000000000e+09
1.229524200000000000e+09
1.229524320000000000e+09
1.229524440000000000e+09
1.229524560000000000e+09
1.229524680000000000e+09
1.229524800000000000e+09
1.229524920000000000e+09
1.229525040000000000e+09
1.229525160000000000e+09
1.229525280000000000e+09
1.229525400000000000e+09
1.229525520000000000e+09
1.229525640000000000e+09
1.229525760000000000e+09
1.229525880000000000e+09
1.229526000000000000e+09
1.229526120000000000e+09
1.229526240000000000e+09
1.229526360000000000e+09
1.229526480000000000e+09
1.229526600000000000e+09
1.229526720000000000e+09
1.229526840000000000e+09
1.229526960000000000e+09
1.229527080000000000e+09
1.229527200000000000e+09
1.229527320000000000e+09
1.229527440000000000e+09
1.229527560000000000e+09
1.229527680000000000e+09
1.229527800000000000e+09
1.229527920000000000e+09
1.229528040000000000e+09
1.229528160000000000e+09
1.229528280000000000e+09
1.229528400000000000e+09
1.229528520000000000e+09
1.229528640000000000e+09
1.229528760000000000e+09
1.229528880000000000e+09
1.229529000000000000e+09
1.229529184000000000e+09
1.229529304000000000e+09
1.229529424000000000e+09
1.229529544000000000e+09
1.229529784000000000e+09
1.229530016000000000e+09
1.229530136000000000e+09
1.229530256000000000e+09
1.229530376000000000e+09
1.229530496000000000e+09
1.229530616000000000e+09
1.229530736000000000e+09
1.229530856000000000e+09
1.229530976000000000e+09
1.229531096000000000e+09
1.229531216000000000e+09
1.229531336000000000e+09
1.229531456000000000e+09
1.229531584000000000e+09
1.229531816000000000e+09
1.229531936000000000e+09
1.229532056000000000e+09
1.229532176000000000e+09
1.229532296000000000e+09
1.229532416000000000e+09
1.229532536000000000e+09
1.229532656000000000e+09
1.229532776000000000e+09
1.229532896000000000e+09
1.229533016000000000e+09
1.229533136000000000e+09
1.229533256000000000e+09
1.229533384000000000e+09
1.229533616000000000e+09
1.229533736000000000e+09
1.229533856000000000e+09
1.229533976000000000e+09
1.229534096000000000e+09
1.229534216000000000e+09
1.229534336000000000e+09
1.229534456000000000e+09
1.229534576000000000e+09
1.229534696000000000e+09
1.229534816000000000e+09
1.229534936000000000e+09
1.229535056000000000e+09
1.229535184000000000e+09
1.229535416000000000e+09
1.229535536000000000e+09
1.229535656000000000e+09
1.229535776000000000e+09
1.229535896000000000e+09
1.229536016000000000e+09
1.229536136000000000e+09
1.229536256000000000e+09
1.229536376000000000e+09
1.229536560000000000e+09
1.229536680000000000e+09
1.229536800000000000e+09
1.229536920000000000e+09
1.229537040000000000e+09
1.229537160000000000e+09
1.229537280000000000e+09
1.229537400000000000e+09
1.229537520000000000e+09
1.229537640000000000e+09
1.229537760000000000e+09
1.229537880000000000e+09
1.229538000000000000e+09
1.229538120000000000e+09
1.229538240000000000e+09
1.229538360000000000e+09
1.229538480000000000e+09
1.229538600000000000e+09
1.229538720000000000e+09
1.229538840000000000e+09
1.229538960000000000e+09
1.229539080000000000e+09
1.229539200000000000e+09
1.229539320000000000e+09
1.229539440000000000e+09
1.229539560000000000e+09
1.229539680000000000e+09
1.229539800000000000e+09
1.229539920000000000e+09
1.229540040000000000e+09
1.229540160000000000e+09
1.229540280000000000e+09
1.229540400000000000e+09
1.229540520000000000e+09
1.229540640000000000e+09
1.229540760000000000e+09
1.229540880000000000e+09
1.229541000000000000e+09
1.229541120000000000e+09
1.229541240000000000e+09
1.229541360000000000e+09
1.229541480000000000e+09
1.229541600000000000e+09
1.229541720000000000e+09
1.229541840000000000e+09
1.229541960000000000e+09
1.229542080000000000e+09
1.229542200000000000e+09
1.229542320000000000e+09
1.229542440000000000e+09
1.229542560000000000e+09
1.229542680000000000e+09
1.229542800000000000e+09
1.229542920000000000e+09
1.229543040000000000e+09
1.229543160000000000e+09
1.229543280000000000e+09
1.229543400000000000e+09
1.229543520000000000e+09
1.229543640000000000e+09
1.229543760000000000e+09
1.229543936000000000e+09
1.229544056000000000e+09
1.229544184000000000e+09
1.229544416000000000e+09
1.229544536000000000e+09
1.229544656000000000e+09
1.229544776000000000e+09
1.229544896000000000e+09
1.229545016000000000e+09
1.229545136000000000e+09
1.229545256000000000e+09
1.229545376000000000e+09
1.229545496000000000e+09
1.229545616000000000e+09
1.229545736000000000e+09
1.229545856000000000e+09
1.229545984000000000e+09
1.229546216000000000e+09
1.229546336000000000e+09
1.229546456000000000e+09
1.229546576000000000e+09
1.229546696000000000e+09
1.229546816000000000e+09
1.229546936000000000e+09
1.229547056000000000e+09
1.229547176000000000e+09
1.229547296000000000e+09
1.229547416000000000e+09
1.229547536000000000e+09
1.229547656000000000e+09
1.229547784000000000e+09
1.229548016000000000e+09
1.229548136000000000e+09
1.229548256000000000e+09
1.229548376000000000e+09
1.229548496000000000e+09
1.229548616000000000e+09
1.229548736000000000e+09
1.229548856000000000e+09
1.229548976000000000e+09
1.229549096000000000e+09
1.229549216000000000e+09
1.229549336000000000e+09
1.229549456000000000e+09
1.229549584000000000e+09
1.229549816000000000e+09
1.229549936000000000e+09
1.229550056000000000e+09
1.229550176000000000e+09
1.229550296000000000e+09
1.229550416000000000e+09
1.229550536000000000e+09
1.229550656000000000e+09
1.229550776000000000e+09
1.229550896000000000e+09
1.229551016000000000e+09
1.229551136000000000e+09
1.229551320000000000e+09
1.229551440000000000e+09
1.229551560000000000e+09
1.229551680000000000e+09
1.229551800000000000e+09
1.229551920000000000e+09
1.229552040000000000e+09
1.229552160000000000e+09
1.229552280000000000e+09
1.229552400000000000e+09
1.229552520000000000e+09
1.229552640000000000e+09
1.229552760000000000e+09
1.229552880000000000e+09
1.229553000000000000e+09
1.229553120000000000e+09
1.229553240000000000e+09
1.229553360000000000e+09
1.229553480000000000e+09
1.229553600000000000e+09
1.229553720000000000e+09
1.229553840000000000e+09
1.229553960000000000e+09
1.229554080000000000e+09
1.229554200000000000e+09
1.229554320000000000e+09
1.229554440000000000e+09
1.229554560000000000e+09
1.229554680000000000e+09
1.229554800000000000e+09
1.229554920000000000e+09
1.229555040000000000e+09
1.229555160000000000e+09
1.229555280000000000e+09
1.229555400000000000e+09
1.229555520000000000e+09
1.229555640000000000e+09
1.229555760000000000e+09
1.229555880000000000e+09
1.229556000000000000e+09
1.229556120000000000e+09
1.229556240000000000e+09
1.229556360000000000e+09
1.229556480000000000e+09
1.229556600000000000e+09
1.229556720000000000e+09
1.229556840000000000e+09
1.229556960000000000e+09
1.229557080000000000e+09
1.229557200000000000e+09
1.229557320000000000e+09
1.229557440000000000e+09
1.229557560000000000e+09
1.229557680000000000e+09
1.229557800000000000e+09
1.229557920000000000e+09
1.229558040000000000e+09
1.229558160000000000e+09
1.229558280000000000e+09
1.229558400000000000e+09
1.229558520000000000e+09
1.229558704000000000e+09
1.229558824000000000e+09
1.229559056000000000e+09
1.229559184000000000e+09
1.229559424000000000e+09
1.229559544000000000e+09
1.229559664000000000e+09
1.229559784000000000e+09
1.229559904000000000e+09
1.229560024000000000e+09
1.229560144000000000e+09
1.229560264000000000e+09
1.229560384000000000e+09
1.229560504000000000e+09
1.229560624000000000e+09
1.229560744000000000e+09
1.229560864000000000e+09
1.229560984000000000e+09
1.229561104000000000e+09
1.229561224000000000e+09
1.229561344000000000e+09
1.229561464000000000e+09
1.229561584000000000e+09
1.229561704000000000e+09
1.229561824000000000e+09
1.229561944000000000e+09
1.229562184000000000e+09
1.229562424000000000e+09
1.229562656000000000e+09
1.229562776000000000e+09
1.229562896000000000e+09
1.229563016000000000e+09
1.229563136000000000e+09
1.229563256000000000e+09
1.229563376000000000e+09
1.229563496000000000e+09
1.229563616000000000e+09
1.229563744000000000e+09
1.229563976000000000e+09
1.229564096000000000e+09
1.229564224000000000e+09
1.229564456000000000e+09
1.229564576000000000e+09
1.229564704000000000e+09
1.229564944000000000e+09
1.229565064000000000e+09
1.229565296000000000e+09
1.229565416000000000e+09
1.229565544000000000e+09
1.229565664000000000e+09
1.229565784000000000e+09
1.229565904000000000e+09
1.229566080000000000e+09
1.229566200000000000e+09
1.229566320000000000e+09
1.229566440000000000e+09
1.229566560000000000e+09
1.229566680000000000e+09
1.229566800000000000e+09
1.229566920000000000e+09
1.229567040000000000e+09
1.229567160000000000e+09
1.229567280000000000e+09
1.229567400000000000e+09
1.229567520000000000e+09
1.229567640000000000e+09
1.229567760000000000e+09
1.229567880000000000e+09
1.229568000000000000e+09
1.229568120000000000e+09
1.229568240000000000e+09
1.229568360000000000e+09
1.229568480000000000e+09
1.229568600000000000e+09
1.229568720000000000e+09
1.229568840000000000e+09
1.229568960000000000e+09
1.229569080000000000e+09
1.229569200000000000e+09
1.229569320000000000e+09
1.229569440000000000e+09
1.229569560000000000e+09
1.229569680000000000e+09
1.229569800000000000e+09
1.229569920000000000e+09
1.229570040000000000e+09
1.229570160000000000e+09
1.229570280000000000e+09
1.229570400000000000e+09
1.229570520000000000e+09
1.229570640000000000e+09
1.229570760000000000e+09
1.229570880000000000e+09
1.229571000000000000e+09
1.229571120000000000e+09
1.229571240000000000e+09
1.229571360000000000e+09
1.229571480000000000e+09
1.229571600000000000e+09
1.229571720000000000e+09
1.229571840000000000e+09
1.229571960000000000e+09
1.229572080000000000e+09
1.229572200000000000e+09
1.229572320000000000e+09
1.229572440000000000e+09
1.229572560000000000e+09
1.229572680000000000e+09
1.229572800000000000e+09
1.229572920000000000e+09
1.229573040000000000e+09
1.229573160000000000e+09
1.229573280000000000e+09
1.229573464000000000e+09
1.229573584000000000e+09
1.229573704000000000e+09
1.229573824000000000e+09
1.229574056000000000e+09
1.229574176000000000e+09
1.229574304000000000e+09
1.229574424000000000e+09
1.229574544000000000e+09
1.229574664000000000e+09
